issuerTradingSymbol,relationship,date,transaction_type,cost,shares,value,shares_total
AAPL,,2024-10-04,Sale,226.52,59305,13433768.6,107788
AAPL,,2024-10-01,Exercise or Conversion of Derivative Security,,127282,,235070
AAPL,,2024-10-01,Tax Withholding (RSU Vesting),226.21,67977,15377077.17,167093
AAPL,,2024-04-11,Sale,173.19,12700,2199513.0,148282
AAPL,,2024-04-11,Sale,174.12,27600,4805712.0,120682
AAPL,,2024-04-11,Sale,175.02,12894,2256707.88,107788
AAPL,,2024-04-01,Exercise or Conversion of Derivative Security,,113309,,221097
AAPL,,2024-04-01,Tax Withholding (RSU Vesting),170.03,60115,10221353.45,160982
AAPL,,2023-10-06,Sale,177.89,32010,5694258.9,139346
AAPL,,2023-10-09,Sale,178.55,19000,3392450.0,120346
AAPL,,2023-10-09,Sale,178.91,12685,2269473.35,107661
AAPL,,2023-10-01,Exercise or Conversion of Derivative Security,,136268,,243929
AAPL,,2023-10-01,Tax Withholding (RSU Vesting),171.21,72573,12425223.33,171356
AAPL,,2023-04-13,Sale,165.25,69996,11566839.0,107661
AAPL,,2023-04-06,Sale,164.92,200,32984.0,177657
AAPL,,2022-12-13,Gift,0.0,703,0.0,109970
AAPL,,2023-04-01,Exercise or Conversion of Derivative Security,,149684,,259809
AAPL,,2023-04-01,Tax Withholding (RSU Vesting),164.9,79488,13107571.2,180321
AAPL,,2023-04-03,Gift,0.0,2464,0.0,177857
AAPL,,2022-10-28,Sale,154.7,14274,2208187.8,272698
AAPL,,2022-10-28,Sale,155.63,85147,13251427.61,187551
AAPL,,2022-10-28,Sale,156.46,69678,10901819.88,117873
AAPL,,2022-10-28,Sale,157.2,7200,1131840.0,110673
AAPL,,2022-10-01,Exercise or Conversion of Derivative Security,,365600,,476273
AAPL,,2022-10-01,Tax Withholding (RSU Vesting),138.2,189301,26161398.2,286972
AAPL,,2022-08-17,Sale,174.66,66390,11595677.4,141018
AAPL,,2022-08-17,Sale,175.6,30345,5328582.0,110673
AAPL,,2022-08-17,Sale,174.66,66390,11595677.4,141018
AAPL,,2022-08-17,Sale,175.6,30345,5328582.0,110673
AAPL,,2022-04-01,Exercise or Conversion of Derivative Security,,204932,,315605
AAPL,,2022-04-01,Tax Withholding (RSU Vesting),174.31,108197,18859819.07,207408
AAPL,,2021-10-19,Sale,148.62,165829,24645505.98,110501
AAPL,,2021-10-01,Exercise or Conversion of Derivative Security,,354392,,464893
AAPL,,2021-10-01,Tax Withholding (RSU Vesting),142.65,188563,26898511.95,276330
AAPL,,2021-05-03,Sale,132.58,87612,11615598.96,143961
AAPL,,2021-05-03,Sale,133.34,29760,3968198.4,114201
AAPL,,2021-05-03,Sale,133.93,3700,495541.0,110501
AAPL,,2021-04-01,Exercise or Conversion of Derivative Security,,257348,,367849
AAPL,,2021-04-01,Tax Withholding (RSU Vesting),123.0,136276,16761948.0,231573
AAPL,,2020-10-09,Sale,116.89,243431,28454649.59,110272
AAPL,,2020-10-01,Exercise or Conversion of Derivative Security,,519080,,629352
AAPL,,2020-10-01,Tax Withholding (RSU Vesting),116.79,275649,32193046.71,353703
AAPL,,2020-04-07,Sale,260.1,3203,833100.3,65427
AAPL,,2020-04-07,Sale,260.97,3185,831189.45,62242
AAPL,,2020-04-07,Sale,262.09,4395,1151885.55,57847
AAPL,,2020-04-07,Sale,263.04,3700,973248.0,54147
AAPL,,2020-04-07,Sale,264.08,4500,1188360.0,49647
AAPL,,2020-04-07,Sale,265.32,8579,2276180.28,41068
AAPL,,2020-04-07,Sale,266.26,7200,1917072.0,33868
AAPL,,2020-04-07,Sale,267.11,3700,988307.0,30168
AAPL,,2020-04-07,Sale,268.41,1400,375774.0,28768
AAPL,,2020-04-07,Sale,269.44,1200,323328.0,27568
AAPL,,2020-04-01,Exercise or Conversion of Derivative Security,,85678,,113246
AAPL,,2020-04-01,Tax Withholding (RSU Vesting),240.91,44616,10748440.56,68630
AAPL,,2019-10-07,Sale,226.58,3600,815688.0,85507
AAPL,,2019-10-07,Sale,227.59,19949,4540192.91,65558
AAPL,,2019-10-07,Sale,228.66,21100,4824726.0,44458
AAPL,,2019-10-07,Sale,229.34,17010,3901073.4,27448
AAPL,,2019-10-01,Exercise or Conversion of Derivative Security,,129308,,156756
AAPL,,2019-10-01,Tax Withholding (RSU Vesting),224.59,67649,15193288.91,89107
AAPL,,2019-04-05,Sale,196.61,51138,10054242.18,27448
AAPL,,2019-04-01,Exercise or Conversion of Derivative Security,,105400,,132848
AAPL,,2019-04-01,Tax Withholding (RSU Vesting),191.24,54262,10377064.88,78586
AAPL,,2018-10-04,Sale,227.69,35904,8174981.76,91665
AAPL,,2018-10-04,Sale,228.28,31747,7247205.16,59918
AAPL,,2018-10-04,Sale,229.6,25509,5856866.4,34409
AAPL,,2018-10-04,Sale,230.22,5485,1262756.7,28924
AAPL,,2018-10-04,Sale,231.48,1600,370368.0,27324
AAPL,,2018-10-01,Exercise or Conversion of Derivative Security,,130528,,193903
AAPL,,2018-10-01,Tax Withholding (RSU Vesting),227.26,66334,15075064.84,127569
AAPL,,2018-05-31,Sale,188.01,100,18801.0,68044
AAPL,,2018-06-01,Sale,188.82,1278,241311.96,66766
AAPL,,2018-06-01,Sale,189.86,3391,643815.26,63375
AAPL,,2018-05-29,Exercise or Conversion of Derivative Security,,9550,,72925
AAPL,,2018-05-29,Tax Withholding (RSU Vesting),187.9,4781,898349.9,68144
AAPL,,2018-04-12,Sale,174.65,38022,6640542.3,64475
AAPL,,2018-04-13,Sale,174.9,1100,192390.0,63375
AAPL,,2018-04-01,Exercise or Conversion of Derivative Security,,77062,,140437
AAPL,,2018-04-01,Tax Withholding (RSU Vesting),167.78,37940,6365573.2,102497
AAPL,,2017-10-15,Exercise or Conversion of Derivative Security,,12558,,70023
AAPL,,2017-10-15,Tax Withholding (RSU Vesting),156.99,6815,1069886.85,63208
AAPL,,2017-10-01,Exercise or Conversion of Derivative Security,,125494,,126151
AAPL,,2017-10-01,Tax Withholding (RSU Vesting),154.12,68686,10585886.32,57465
