issuerTradingSymbol,relationship,date,transaction_type,cost,shares,value,shares_total
AAPL,,2024-12-16,Sale,248.61,13925,3461894.25,476019
AAPL,,2024-12-16,Sale,249.5,34752,8670624.0,441267
AAPL,,2024-12-16,Sale,250.58,42939,10759654.62,398328
AAPL,,2024-12-16,Sale,251.1,8384,2105222.4,389944
AAPL,,2024-10-01,Exercise or Conversion of Derivative Security,,127282,,617226
AAPL,,2024-10-01,Tax Withholding (RSU Vesting),226.21,67552,15280937.92,549674
AAPL,,2024-10-02,Sale,226.8,51674,11719663.2,498000
AAPL,,2024-10-02,Sale,227.22,8056,1830484.32,489944
AAPL,,2024-04-11,Sale,172.22,59162,10188879.64,489944
AAPL,,2024-04-01,Exercise or Conversion of Derivative Security,,113309,,603253
AAPL,,2024-04-01,Tax Withholding (RSU Vesting),170.03,54147,9206614.41,549106
AAPL,,2023-10-06,Sale,177.0,69785,12351945.0,489817
AAPL,,2023-10-01,Exercise or Conversion of Derivative Security,,136268,,626085
AAPL,,2023-10-01,Tax Withholding (RSU Vesting),171.21,66483,11382554.43,559602
AAPL,,2023-04-01,Exercise or Conversion of Derivative Security,,149684,,639500
AAPL,,2023-04-01,Tax Withholding (RSU Vesting),164.9,71867,11850868.3,567633
AAPL,,2023-04-04,Sale,166.11,77430,12861897.3,490203
AAPL,,2023-04-04,Sale,166.62,387,64481.94,489816
AAPL,,2023-03-22,Sale,159.76,187730,29991744.8,489816
AAPL,,2022-10-01,Exercise or Conversion of Derivative Security,,365600,,855262
AAPL,,2022-10-01,Tax Withholding (RSU Vesting),138.2,177870,24581634.0,677392
AAPL,,2022-04-01,Exercise or Conversion of Derivative Security,,204932,,694594
AAPL,,2022-04-01,Tax Withholding (RSU Vesting),174.31,99031,17262093.61,595563
AAPL,,2022-04-04,Sale,177.46,63164,11209083.44,532399
AAPL,,2022-04-04,Sale,178.19,42737,7615306.03,489662
AAPL,,2021-10-01,Exercise or Conversion of Derivative Security,,354392,,843882
AAPL,,2021-10-01,Tax Withholding (RSU Vesting),142.65,188563,26898511.95,655319
AAPL,,2021-10-04,Sale,138.83,165829,23022040.07,489490
AAPL,,2021-04-01,Exercise or Conversion of Derivative Security,,257348,,746838
AAPL,,2021-04-01,Tax Withholding (RSU Vesting),123.0,123481,15188163.0,623357
AAPL,,2021-04-05,Sale,125.74,133867,16832436.58,489490
AAPL,,2020-10-01,Exercise or Conversion of Derivative Security,,519080,,1008340
AAPL,,2020-10-01,Tax Withholding (RSU Vesting),116.79,261737,30568264.23,746603
AAPL,,2020-10-02,Sale,113.52,228957,25991198.64,517646
AAPL,,2020-10-02,Sale,114.19,28386,3241397.34,489260
AAPL,,2020-04-01,Exercise or Conversion of Derivative Security,,85678,,194007
AAPL,,2020-04-01,Tax Withholding (RSU Vesting),240.91,44616,10748440.56,149391
AAPL,,2020-04-02,Sale,238.03,3849,916177.47,145542
AAPL,,2020-04-02,Sale,238.96,3039,726199.44,142503
AAPL,,2020-04-02,Sale,240.2,5266,1264893.2,137237
AAPL,,2020-04-02,Sale,241.24,7454,1798202.96,129783
AAPL,,2020-04-02,Sale,242.3,13783,3339620.9,116000
AAPL,,2020-04-02,Sale,243.03,4449,1081240.47,111551
AAPL,,2020-04-02,Sale,244.36,2377,580843.72,109174
AAPL,,2020-04-02,Sale,244.98,845,207008.1,108329
AAPL,,2019-10-01,Exercise or Conversion of Derivative Security,,129308,,237517
AAPL,,2019-10-01,Tax Withholding (RSU Vesting),224.59,61754,13869330.86,175763
AAPL,,2019-10-02,Sale,218.62,24601,5378270.62,151162
AAPL,,2019-10-02,Sale,219.28,42953,9418733.84,108209
AAPL,,2019-05-02,Sale,208.99,13433,2807362.67,151187
AAPL,,2019-05-02,Sale,209.71,18256,3828465.76,132931
AAPL,,2019-05-02,Sale,210.98,8601,1814638.98,124330
AAPL,,2019-05-02,Sale,211.83,14571,3086574.93,109759
AAPL,,2019-05-02,Sale,212.46,1550,329313.0,108209
AAPL,,2019-04-01,Exercise or Conversion of Derivative Security,,105400,,213609
AAPL,,2019-04-01,Tax Withholding (RSU Vesting),191.24,48989,9368656.36,164620
AAPL,,2018-10-03,Sale,232.19,45388,10538639.72,124695
AAPL,,2018-10-03,Sale,232.7,16610,3865147.0,108085
AAPL,,2018-10-01,Exercise or Conversion of Derivative Security,,130528,,238613
AAPL,,2018-10-01,Tax Withholding (RSU Vesting),227.26,68530,15574127.8,170083
AAPL,,2018-08-08,Sale,205.29,900,184761.0,122837
AAPL,,2018-08-08,Sale,206.01,2400,494424.0,120437
AAPL,,2018-08-08,Sale,207.13,12252,2537756.76,108185
AAPL,,2018-08-08,Sale,207.72,100,20772.0,108085
AAPL,,2018-07-09,Sale,190.14,14131,2686868.34,125258
AAPL,,2018-07-09,Sale,190.53,1521,289796.13,123737
AAPL,,2018-06-08,Sale,190.52,7223,1376125.96,147819
AAPL,,2018-06-08,Sale,191.3,8330,1593529.0,139489
AAPL,,2018-06-08,Sale,191.96,100,19196.0,139389
AAPL,,2018-05-08,Sale,184.52,2514,463883.28,168181
AAPL,,2018-05-08,Sale,185.29,12939,2397467.31,155242
AAPL,,2018-05-08,Sale,186.0,200,37200.0,155042
AAPL,,2018-04-01,Exercise or Conversion of Derivative Security,,130117,,238202
AAPL,,2018-04-01,Tax Withholding (RSU Vesting),167.78,67507,11326324.46,170695
AAPL,,2017-10-01,Exercise or Conversion of Derivative Security,,125494,,176605
AAPL,,2017-10-01,Tax Withholding (RSU Vesting),154.12,68686,10585886.32,107919
AAPL,,2017-04-01,Exercise or Conversion of Derivative Security,,94010,,97325
AAPL,,2017-04-01,Tax Withholding (RSU Vesting),143.66,46214,6639103.24,51111
AAPL,,2016-10-01,Exercise or Conversion of Derivative Security,,87578,,90657
AAPL,,2016-10-01,Tax Withholding (RSU Vesting),113.05,43809,4952607.45,46848
AAPL,,2016-10-03,Sale,112.59,43769,4927951.71,3079
AAPL,,2016-04-01,Exercise or Conversion of Derivative Security,,53056,,56135
AAPL,,2016-04-01,Tax Withholding (RSU Vesting),109.99,26772,2944652.28,29363
AAPL,,2016-04-04,Sale,111.43,26284,2928826.12,3079
AAPL,,2016-03-21,Exercise or Conversion of Derivative Security,,525000,,528079
AAPL,,2016-03-21,Tax Withholding (RSU Vesting),105.91,256356,27150663.96,271723
AAPL,,2016-03-22,Sale,106.91,268644,28720730.04,3079
AAPL,,2015-10-01,Exercise or Conversion of Derivative Security,,92764,,95632
AAPL,,2015-10-01,Tax Withholding (RSU Vesting),109.58,45891,5028735.78,49741
AAPL,,2015-10-02,Sale,110.44,42573,4701762.12,7168
AAPL,,2015-10-02,Sale,110.94,4300,477042.0,2868
