issuerTradingSymbol,relationship,date,transaction_type,cost,shares,value,shares_total
TEAM,Officer (Chief Technology Officer),2025-03-03,Sale,284.69,3947.0,1123671.43,173258.0
TEAM,Officer (Chief Technology Officer),2025-03-03,Sale,278.3567,1085.0,302017.02,172173.0
TEAM,Officer (Chief Technology Officer),2025-03-03,Sale,283.52,200.0,56704.0,171973.0
TEAM,Officer (Chief Technology Officer),2025-03-03,Sale,277.24,200.0,55448.0,171773.0
TEAM,Officer (Chief Technology Officer),2025-03-03,Sale,280.379,2100.0,588795.9,169673.0
TEAM,Officer (Chief Technology Officer),2025-03-03,Sale,273.4937,1771.0,484357.34,167902.0
TEAM,Officer (Chief Technology Officer),2025-03-03,Sale,279.1984,1915.0,534664.94,165987.0
TEAM,Officer (Chief Technology Officer),2025-03-03,Sale,281.4995,1912.0,538227.04,164075.0
TEAM,Officer (Chief Technology Officer),2025-03-03,Sale,282.1981,790.0,222936.5,163285.0
TEAM,Officer (Chief Technology Officer),2025-03-03,Sale,276.0302,300.0,82809.06,162985.0
TEAM,Officer (Chief Technology Officer),2025-03-03,Sale,274.1221,2731.0,748627.46,160254.0
TEAM,Officer (Chief Technology Officer),2025-02-21,Sale,296.86,2198.0,652498.28,177205.0
TEAM,Officer (Chief Technology Officer),2025-02-19,Sale,311.27,1330.0,413989.1,179403.0
TEAM,Officer (Chief Technology Officer),2025-02-19,Sale,305.1589,133.0,40586.13,183745.0
TEAM,Officer (Chief Technology Officer),2025-02-19,Sale,308.77,7.0,2161.39,183738.0
TEAM,Officer (Chief Technology Officer),2025-02-19,Sale,313.7394,25.0,7843.48,183713.0
TEAM,Officer (Chief Technology Officer),2025-02-19,Sale,308.0293,488.0,150318.3,183225.0
TEAM,Officer (Chief Technology Officer),2025-02-19,Sale,310.8137,40.0,12432.55,183185.0
TEAM,Officer (Chief Technology Officer),2025-02-19,Sale,314.55,1.0,314.55,183184.0
TEAM,Officer (Chief Technology Officer),2025-02-19,Sale,303.4244,443.0,134417.01,182741.0
TEAM,Officer (Chief Technology Officer),2025-02-19,Sale,307.2562,583.0,179130.36,182158.0
TEAM,Officer (Chief Technology Officer),2025-02-19,Sale,311.6953,106.0,33039.7,182052.0
TEAM,Officer (Chief Technology Officer),2025-02-19,Sale,303.9043,1143.0,347362.61,180909.0
TEAM,Officer (Chief Technology Officer),2025-02-19,Sale,312.5164,54.0,16875.89,180855.0
TEAM,Officer (Chief Technology Officer),2025-02-19,Sale,306.2147,122.0,37358.19,180733.0
TEAM,Officer (Chief Technology Officer),2025-02-14,Sale,309.9573,295.0,91437.4,186694.0
TEAM,Officer (Chief Technology Officer),2025-02-14,Sale,314.35,1.0,314.35,186693.0
TEAM,Officer (Chief Technology Officer),2025-02-14,Sale,312.9881,1568.0,490765.34,185125.0
TEAM,Officer (Chief Technology Officer),2025-02-14,Sale,307.8423,91.0,28013.65,185034.0
TEAM,Officer (Chief Technology Officer),2025-02-14,Sale,313.6757,310.0,97239.47,184724.0
TEAM,Officer (Chief Technology Officer),2025-02-14,Sale,308.8383,146.0,45090.39,184578.0
TEAM,Officer (Chief Technology Officer),2025-02-14,Sale,310.7377,269.0,83588.44,184309.0
TEAM,Officer (Chief Technology Officer),2025-02-14,Sale,311.9786,431.0,134462.78,183878.0
TEAM,Officer (Chief Technology Officer),2025-01-31,Sale,320.01,3500.0,1120035.0,186989.0
TEAM,Officer (Chief Technology Officer),2024-12-04,Sale,283.37,2281.0,646366.97,190489.0
TEAM,Officer (Chief Technology Officer),2024-11-21,Sale,248.4,200.0,49680.0,196074.0
TEAM,Officer (Chief Technology Officer),2024-11-21,Sale,254.018,918.0,233188.52,195156.0
TEAM,Officer (Chief Technology Officer),2024-11-21,Sale,249.58,100.0,24958.0,195056.0
TEAM,Officer (Chief Technology Officer),2024-11-21,Sale,254.9767,300.0,76493.01,194756.0
TEAM,Officer (Chief Technology Officer),2024-11-21,Sale,246.5403,554.0,136583.33,194202.0
TEAM,Officer (Chief Technology Officer),2024-11-21,Sale,252.8051,1432.0,362016.9,192770.0
TEAM,Officer (Chief Technology Officer),2024-11-19,Sale,235.7832,6.0,1414.7,199266.0
TEAM,Officer (Chief Technology Officer),2024-11-19,Sale,240.3362,36.0,8652.1,199230.0
TEAM,Officer (Chief Technology Officer),2024-11-19,Sale,243.6233,55.0,13399.28,199175.0
TEAM,Officer (Chief Technology Officer),2024-11-19,Sale,242.7097,81.0,19659.49,199094.0
TEAM,Officer (Chief Technology Officer),2024-11-19,Sale,238.3821,43.0,10250.43,199051.0
TEAM,Officer (Chief Technology Officer),2024-11-19,Sale,239.0129,10.0,2390.13,199041.0
TEAM,Officer (Chief Technology Officer),2024-11-19,Sale,246.6424,649.0,160070.92,198392.0
TEAM,Officer (Chief Technology Officer),2024-11-19,Sale,241.7929,101.0,24421.08,198291.0
TEAM,Officer (Chief Technology Officer),2024-11-19,Sale,245.7457,618.0,151870.84,197673.0
TEAM,Officer (Chief Technology Officer),2024-11-19,Sale,236.9812,19.0,4502.64,197654.0
TEAM,Officer (Chief Technology Officer),2024-11-19,Sale,244.8322,513.0,125598.92,197141.0
TEAM,Officer (Chief Technology Officer),2024-11-19,Sale,247.6537,867.0,214715.76,196274.0
TEAM,Officer (Chief Technology Officer),2024-11-18,Sale,239.3,1295.0,309893.5,199272.0
TEAM,Officer (Chief Technology Officer),2024-11-14,Sale,249.8776,542.0,135433.66,203567.0
TEAM,Officer (Chief Technology Officer),2024-11-14,Sale,256.1765,8.0,2049.41,203559.0
TEAM,Officer (Chief Technology Officer),2024-11-14,Sale,255.5594,134.0,34244.96,203425.0
TEAM,Officer (Chief Technology Officer),2024-11-14,Sale,254.5081,236.0,60063.91,203189.0
TEAM,Officer (Chief Technology Officer),2024-11-14,Sale,253.6295,266.0,67465.45,202923.0
TEAM,Officer (Chief Technology Officer),2024-11-14,Sale,252.458,312.0,78766.9,202611.0
TEAM,Officer (Chief Technology Officer),2024-11-14,Sale,251.3914,1061.0,266726.28,201550.0
TEAM,Officer (Chief Technology Officer),2024-11-14,Sale,250.4888,983.0,246230.49,200567.0
TEAM,Officer (Chief Technology Officer),2024-10-11,Sale,190.0,5172.0,982680.0,204109.0
TEAM,Officer (Chief Technology Officer),2024-09-27,"Grant, Award, or Other Acquisition",0.0,83826.0,0.0,209281.0
TEAM,Officer (Chief Technology Officer),2024-08-22,Sale,156.65,448.0,70179.2,125455.0
TEAM,Officer (Chief Technology Officer),2024-08-19,Sale,154.485,215.0,33214.28,128742.0
TEAM,Officer (Chief Technology Officer),2024-08-19,Sale,158.9639,350.0,55637.36,128392.0
TEAM,Officer (Chief Technology Officer),2024-08-19,Sale,155.2879,1023.0,158859.52,127369.0
TEAM,Officer (Chief Technology Officer),2024-08-19,Sale,156.3772,217.0,33933.85,127152.0
TEAM,Officer (Chief Technology Officer),2024-08-19,Sale,158.5248,276.0,43752.84,126876.0
TEAM,Officer (Chief Technology Officer),2024-08-19,Sale,157.4275,888.0,139795.62,125988.0
TEAM,Officer (Chief Technology Officer),2024-08-19,Sale,153.2784,85.0,13028.66,125903.0
TEAM,Officer (Chief Technology Officer),2024-08-16,Sale,146.08,199.0,29069.92,128957.0
TEAM,Officer (Chief Technology Officer),2024-08-14,Sale,143.5926,940.0,134977.04,129585.0
TEAM,Officer (Chief Technology Officer),2024-08-14,Sale,144.714,123.0,17799.82,129462.0
TEAM,Officer (Chief Technology Officer),2024-08-14,Sale,143.0794,306.0,43782.3,129156.0
TEAM,Officer (Chief Technology Officer),2024-05-23,Sale,175.9,445.0,78275.5,130525.0
TEAM,Officer (Chief Technology Officer),2024-05-20,Sale,179.9227,104.0,18711.96,133956.0
TEAM,Officer (Chief Technology Officer),2024-05-20,Sale,179.5475,1611.0,289251.02,132345.0
TEAM,Officer (Chief Technology Officer),2024-05-20,Sale,178.5877,1375.0,245558.09,130970.0
TEAM,Officer (Chief Technology Officer),2024-05-16,Sale,183.35,200.0,36670.0,134060.0
TEAM,Officer (Chief Technology Officer),2024-05-14,Sale,185.739,9.0,1671.65,135611.0
TEAM,Officer (Chief Technology Officer),2024-05-14,Sale,185.0008,193.0,35705.15,135418.0
TEAM,Officer (Chief Technology Officer),2024-05-14,Sale,183.4086,49.0,8987.02,135369.0
TEAM,Officer (Chief Technology Officer),2024-05-14,Sale,184.1515,1109.0,204224.01,134260.0
TEAM,Officer (Chief Technology Officer),2024-02-23,Sale,205.5,2302.0,473061.0,135620.0
TEAM,Officer (Chief Technology Officer),2024-02-20,Sale,206.0706,23.0,4739.62,140838.0
TEAM,Officer (Chief Technology Officer),2024-02-20,Sale,204.7366,923.0,188971.88,139915.0
TEAM,Officer (Chief Technology Officer),2024-02-20,Sale,201.7489,231.0,46604.0,139684.0
TEAM,Officer (Chief Technology Officer),2024-02-20,Sale,203.5356,328.0,66759.68,139356.0
TEAM,Officer (Chief Technology Officer),2024-02-20,Sale,205.4836,1104.0,226853.89,138252.0
TEAM,Officer (Chief Technology Officer),2024-02-20,Sale,202.4067,330.0,66794.21,137922.0
TEAM,Officer (Chief Technology Officer),2024-02-16,Sale,212.33,1242.0,263713.86,140861.0
TEAM,Officer (Chief Technology Officer),2024-02-14,Sale,209.917,23.0,4828.09,142952.0
TEAM,Officer (Chief Technology Officer),2024-02-14,Sale,214.7181,38.0,8159.29,142914.0
TEAM,Officer (Chief Technology Officer),2024-02-14,Sale,212.9139,278.0,59190.06,142636.0
TEAM,Officer (Chief Technology Officer),2024-02-14,Sale,211.8809,159.0,33689.06,142477.0
TEAM,Officer (Chief Technology Officer),2024-02-14,Sale,210.9284,106.0,22358.41,142371.0
TEAM,Officer (Chief Technology Officer),2024-02-14,Sale,215.7497,62.0,13376.48,142309.0
TEAM,Officer (Chief Technology Officer),2024-02-14,Sale,213.6921,206.0,44020.57,142103.0
TEAM,Officer (Chief Technology Officer),2023-11-29,Sale,190.2205,2609.0,496285.28,142975.0
TEAM,Officer (Chief Technology Officer),2023-11-24,Sale,179.74,447.0,80343.78,145584.0
TEAM,Officer (Chief Technology Officer),2023-11-20,Sale,188.2021,117.0,22019.65,148989.0
TEAM,Officer (Chief Technology Officer),2023-11-20,Sale,189.0547,66.0,12477.61,148923.0
TEAM,Officer (Chief Technology Officer),2023-11-20,Sale,190.0,4.0,760.0,148919.0
TEAM,Officer (Chief Technology Officer),2023-11-20,Sale,185.2596,798.0,147837.16,148121.0
TEAM,Officer (Chief Technology Officer),2023-11-20,Sale,186.0989,1713.0,318787.42,146408.0
TEAM,Officer (Chief Technology Officer),2023-11-20,Sale,186.9557,377.0,70482.3,146031.0
TEAM,Officer (Chief Technology Officer),2023-11-16,Sale,186.29,205.0,38189.45,149106.0
TEAM,Officer (Chief Technology Officer),2023-11-14,Sale,186.2428,479.0,89210.3,150137.0
TEAM,Officer (Chief Technology Officer),2023-11-14,Sale,181.044,5.0,905.22,150132.0
TEAM,Officer (Chief Technology Officer),2023-11-14,Sale,182.7076,85.0,15530.15,150047.0
TEAM,Officer (Chief Technology Officer),2023-11-14,Sale,183.6998,301.0,55293.64,149746.0
TEAM,Officer (Chief Technology Officer),2023-11-14,Sale,184.697,271.0,50052.89,149475.0
TEAM,Officer (Chief Technology Officer),2023-11-14,Sale,185.3515,164.0,30397.65,149311.0
TEAM,Officer (Chief Technology Officer),2023-09-28,"Grant, Award, or Other Acquisition",0.0,53750.0,0.0,150616.0
TEAM,Officer (Chief Technology Officer),2023-08-23,Sale,190.0,2214.0,420660.0,96866.0
TEAM,Officer (Chief Technology Officer),2023-08-21,Sale,184.0963,1340.0,246689.04,100854.0
TEAM,Officer (Chief Technology Officer),2023-08-21,Sale,183.1689,697.0,127668.72,100157.0
TEAM,Officer (Chief Technology Officer),2023-08-21,Sale,185.2171,735.0,136134.57,99422.0
TEAM,Officer (Chief Technology Officer),2023-08-21,Sale,185.7521,308.0,57211.65,99114.0
TEAM,Officer (Chief Technology Officer),2023-08-21,Sale,187.2441,34.0,6366.3,99080.0
TEAM,Officer (Chief Technology Officer),2023-06-06,Sale,190.0,5696.0,1082240.0,102194.0
TEAM,Officer (Chief Technology Officer),2023-05-23,Sale,157.49,448.0,70555.52,107890.0
TEAM,Officer (Chief Technology Officer),2023-05-19,Sale,145.1711,578.0,83908.9,110825.0
TEAM,Officer (Chief Technology Officer),2023-05-19,Sale,146.8526,943.0,138482.0,109882.0
TEAM,Officer (Chief Technology Officer),2023-05-19,Sale,147.56,11.0,1623.16,109871.0
TEAM,Officer (Chief Technology Officer),2023-05-19,Sale,146.0021,1533.0,223821.22,108338.0
TEAM,Officer (Chief Technology Officer),2023-02-23,Sale,170.72,535.0,91335.2,111403.0
TEAM,Officer (Chief Technology Officer),2023-02-21,Sale,165.9581,113.0,18753.27,114020.0
TEAM,Officer (Chief Technology Officer),2023-02-21,Sale,166.9814,30.0,5009.44,113990.0
TEAM,Officer (Chief Technology Officer),2023-02-21,Sale,164.3969,939.0,154368.69,113051.0
TEAM,Officer (Chief Technology Officer),2023-02-21,Sale,165.0297,1113.0,183678.06,111938.0
TEAM,Officer (Chief Technology Officer),2022-11-23,Sale,117.07,442.0,51744.94,114133.0
TEAM,Officer (Chief Technology Officer),2022-11-21,Sale,115.2538,1277.0,147179.1,116426.0
TEAM,Officer (Chief Technology Officer),2022-11-21,Sale,116.3433,210.0,24432.09,116216.0
TEAM,Officer (Chief Technology Officer),2022-11-21,Sale,116.95,20.0,2339.0,116196.0
TEAM,Officer (Chief Technology Officer),2022-11-21,Sale,114.6228,1621.0,185803.56,114575.0
