issuerTradingSymbol,relationship,date,transaction_type,cost,shares,value,shares_total
META,,2025-02-15,Conversion of Security,0.0,5479,0.0,5479
META,,2025-02-15,Conversion of Security,0.0,4720,0.0,10199
META,,2025-02-15,Sale,736.67,5060,3727550.2,5139
META,,2025-02-15,Exercise or Conversion of Derivative Security,0.0,5471,0.0,10610
META,,2025-02-15,Exercise or Conversion of Derivative Security,0.0,6791,0.0,17401
META,,2025-02-15,Tax Withholding (RSU Vesting),736.67,6080,4478953.6,11321
META,,2024-11-15,Conversion of Security,0.0,5478,0.0,8902
META,,2024-11-15,Conversion of Security,0.0,4720,0.0,13622
META,,2024-11-15,Sale,577.16,5057,2918698.12,8565
META,,2024-11-15,Exercise or Conversion of Derivative Security,0.0,5470,0.0,14035
META,,2024-11-15,Exercise or Conversion of Derivative Security,0.0,6791,0.0,20826
META,,2024-11-15,Tax Withholding (RSU Vesting),577.16,6080,3509132.8,14746
META,,2024-11-18,Sale,552.5311,3056,1688535.04,11690
META,,2024-11-18,Sale,553.2665,6981,3862353.44,4709
META,,2024-11-18,Sale,554.3819,3649,2022939.55,1060
META,,2024-11-18,Sale,555.273,1060,588589.38,0
META,,2024-08-15,Conversion of Security,0.0,5478,0.0,12326
META,,2024-08-15,Conversion of Security,0.0,4721,0.0,17047
META,,2024-08-15,Sale,526.76,5057,2663825.32,11990
META,,2024-08-15,Exercise or Conversion of Derivative Security,0.0,5470,0.0,17460
META,,2024-08-15,Exercise or Conversion of Derivative Security,0.0,6791,0.0,24251
META,,2024-08-15,Tax Withholding (RSU Vesting),526.76,6080,3202700.8,18171
META,,2024-08-16,Sale,528.919,2991,1581996.73,15180
META,,2024-08-16,Sale,530.061,2149,1139101.09,13031
META,,2024-08-16,Sale,531.1591,2211,1174392.77,10820
META,,2024-08-16,Sale,532.031,5081,2703249.51,5739
META,,2024-08-16,Sale,532.8525,2315,1233553.54,3424
META,,2024-08-16,Gift,0.0,2100,0.0,66329
META,,2024-05-15,Conversion of Security,0.0,5479,0.0,15750
META,,2024-05-15,Conversion of Security,0.0,4720,0.0,20470
META,,2024-05-15,Sale,471.85,5058,2386617.3,15412
META,,2024-05-15,Exercise or Conversion of Derivative Security,0.0,5470,0.0,20882
META,,2024-05-15,Exercise or Conversion of Derivative Security,0.0,6791,0.0,27673
META,,2024-05-15,Tax Withholding (RSU Vesting),471.85,6080,2868848.0,21593
META,,2024-05-16,Sale,474.0104,1206,571656.54,20387
META,,2024-05-16,Sale,475.2121,4792,2277216.38,15595
META,,2024-05-16,Sale,475.9774,5479,2607880.17,10116
META,,2024-05-16,Sale,476.8448,3268,1558328.81,6848
META,,2024-02-15,Conversion of Security,0.0,5478,0.0,15749
META,,2024-02-15,Conversion of Security,0.0,5999,0.0,21748
META,,2024-02-15,Conversion of Security,0.0,4720,0.0,26468
META,,2024-02-15,Sale,473.28,8036,3803278.08,18432
META,,2024-02-15,Exercise or Conversion of Derivative Security,0.0,5471,0.0,23903
META,,2024-02-15,Exercise or Conversion of Derivative Security,0.0,6791,0.0,30694
META,,2024-02-15,Tax Withholding (RSU Vesting),473.28,6080,2877542.4,24614
META,,2024-02-16,Sale,472.7455,1900,898216.45,22714
META,,2024-02-16,Sale,473.7775,1432,678449.38,21282
META,,2024-02-16,Sale,474.8246,1301,617746.8,19981
META,,2024-02-16,Sale,475.931,5230,2489119.13,14751
META,,2024-02-16,Sale,476.9739,3080,1469079.61,11671
META,,2024-02-16,Sale,477.9633,1200,573555.96,10471
META,,2024-02-16,Sale,478.635,200,95727.0,10271
META,,2024-02-16,Gift,0.0,90,0.0,68429
META,,2023-11-15,Conversion of Security,0.0,5478,0.0,12325
META,,2023-11-15,Conversion of Security,0.0,5998,0.0,18323
META,,2023-11-15,Conversion of Security,0.0,4721,0.0,23044
META,,2023-11-15,Sale,336.31,8031,2700905.61,15013
META,,2023-11-15,Exercise or Conversion of Derivative Security,0.0,5470,0.0,20483
META,,2023-11-15,Exercise or Conversion of Derivative Security,0.0,6791,0.0,27274
META,,2023-11-15,Tax Withholding (RSU Vesting),336.31,6080,2044764.8,21194
META,,2023-11-16,Sale,327.2943,4276,1399510.43,16918
META,,2023-11-16,Sale,328.0546,4724,1549729.93,12194
META,,2023-11-16,Sale,328.9684,1923,632606.23,10271
META,,2023-08-15,Conversion of Security,0.0,5478,0.0,8901
META,,2023-08-15,Conversion of Security,0.0,5999,0.0,14900
META,,2023-08-15,Conversion of Security,0.0,4720,0.0,19620
META,,2023-08-15,Sale,306.19,8032,2459318.08,11588
META,,2023-08-15,Exercise or Conversion of Derivative Security,0.0,5470,0.0,17058
META,,2023-08-15,Exercise or Conversion of Derivative Security,0.0,6791,0.0,23849
META,,2023-08-15,Tax Withholding (RSU Vesting),306.19,6080,1861635.2,17769
META,,2023-08-16,Sale,298.621,4885,1458763.58,12884
META,,2023-08-16,Sale,299.3714,4039,1209161.08,8845
META,,2023-08-16,Sale,300.3593,1998,600117.88,6847
META,,2023-05-15,Conversion of Security,0.0,5479,0.0,5479
META,,2023-05-15,Conversion of Security,0.0,5998,0.0,11477
META,,2023-05-15,Conversion of Security,0.0,4721,0.0,16198
META,,2023-05-15,Sale,233.81,8032,1877961.92,8166
META,,2023-05-15,Exercise or Conversion of Derivative Security,0.0,5470,0.0,13636
META,,2023-05-15,Exercise or Conversion of Derivative Security,0.0,6790,0.0,20426
META,,2023-05-15,Tax Withholding (RSU Vesting),233.81,6080,1421564.8,14346
META,,2023-05-16,Sale,235.58,10923,2573240.34,3423
META,,2023-02-15,Conversion of Security,0.0,5478,0.0,5478
META,,2023-02-15,Conversion of Security,0.0,7435,0.0,12913
META,,2023-02-15,Conversion of Security,0.0,5998,0.0,18911
META,,2023-02-15,Conversion of Security,0.0,4720,0.0,23631
META,,2023-02-15,Sale,179.48,10888,1954178.24,12743
META,,2023-02-15,Exercise or Conversion of Derivative Security,0.0,5471,0.0,18214
META,,2023-02-15,Tax Withholding (RSU Vesting),179.48,2713,486929.24,15501
META,,2023-02-16,Sale,172.96,15501,2681052.96,0
META,,2023-02-16,Sale,172.96,15000,2594400.0,68519
META,,2022-11-15,Conversion of Security,0.0,5478,0.0,5478
META,,2022-11-15,Conversion of Security,0.0,7434,0.0,12912
META,,2022-11-15,Conversion of Security,0.0,5999,0.0,18911
META,,2022-11-15,Conversion of Security,0.0,4720,0.0,23631
META,,2022-11-15,Sale,114.22,11718,1338429.96,11913
META,,2022-11-15,Exercise or Conversion of Derivative Security,0.0,5470,0.0,17383
META,,2022-11-15,Tax Withholding (RSU Vesting),114.22,2713,309878.86,14670
META,,2022-11-16,Sale,114.0426,7361,839467.58,7309
META,,2022-11-16,Sale,114.9916,6709,771478.64,600
META,,2022-11-16,Sale,115.6908,600,69414.48,0
META,,2022-11-16,Sale,114.0612,7400,844052.88,91119
META,,2022-11-16,Sale,114.9748,6800,781828.64,84319
META,,2022-11-16,Sale,115.6613,800,92529.04,83519
META,,2022-08-15,Conversion of Security,0.0,5479,0.0,8236
META,,2022-08-15,Conversion of Security,0.0,7434,0.0,15670
META,,2022-08-15,Conversion of Security,0.0,5998,0.0,21668
META,,2022-08-15,Conversion of Security,0.0,4721,0.0,26389
META,,2022-08-15,Sale,180.5,11718,2115099.0,14671
META,,2022-08-15,Exercise or Conversion of Derivative Security,0.0,5470,0.0,20141
META,,2022-08-15,Tax Withholding (RSU Vesting),180.5,2713,489696.5,17428
META,,2022-08-17,Sale,176.48,17428,3075693.44,0
META,,2022-08-17,Sale,176.48,15000,2647200.0,98519
FB,,2022-05-15,X,0.0,5478,0.0,5478
FB,,2022-05-15,X,0.0,7435,0.0,12913
FB,,2022-05-15,X,0.0,5998,0.0,18911
FB,,2022-05-15,X,0.0,4720,0.0,23631
FB,,2022-05-15,Sale,198.62,11718,2327429.16,11913
FB,,2022-05-15,Exercise or Conversion of Derivative Security,0.0,5470,0.0,17383
FB,,2022-05-15,Tax Withholding (RSU Vesting),198.62,2713,538856.06,14670
FB,,2022-05-17,Sale,202.2665,3071,621160.42,11599
FB,,2022-05-17,Sale,203.1439,2300,467230.97,9299
FB,,2022-05-17,Sale,204.1412,4755,970691.41,4544
