issuerTradingSymbol,relationship,date,transaction_type,cost,shares,value,shares_total
META,,2025-02-28,Sale,643.56,400,257424.0,308286
META,,2025-02-28,Sale,644.7733,300,193431.99,307986
META,,2025-02-28,Sale,646.0725,200,129214.5,307786
META,,2025-02-28,Sale,647.3301,531,343732.28,307255
META,,2025-02-28,Sale,648.0601,709,459474.61,306546
META,,2025-02-28,Sale,649.5151,734,476744.08,305812
META,,2025-02-28,Sale,650.5445,1310,852213.29,304502
META,,2025-02-28,Sale,651.5655,1422,926526.14,303080
META,,2025-02-28,Sale,652.7188,2215,1445772.14,300865
META,,2025-02-28,Sale,653.836,4915,3213603.94,295950
META,,2025-02-28,Sale,654.7044,4719,3089550.06,291231
META,,2025-02-28,Sale,655.4444,515,337553.87,290716
META,,2025-02-28,Sale,656.305,200,131261.0,290516
META,,2025-02-28,Sale,658.1134,1830,1204347.52,288686
META,,2025-02-27,Sale,663.3295,626,415244.27,328060
META,,2025-02-27,Sale,664.6714,1400,930539.96,326660
META,,2025-02-27,Sale,665.67,500,332835.0,326160
META,,2025-02-27,Sale,666.9934,301,200765.01,325859
META,,2025-02-27,Sale,668.83,500,334415.0,325359
META,,2025-02-27,Sale,670.2357,1400,938329.98,323959
META,,2025-02-27,Sale,670.9567,600,402574.02,323359
META,,2025-02-27,Sale,672.235,400,268894.0,322959
META,,2025-02-27,Sale,673.92,500,336960.0,322459
META,,2025-02-27,Sale,674.8707,1500,1012306.05,320959
META,,2025-02-27,Sale,676.1299,1440,973627.06,319519
META,,2025-02-27,Sale,677.2133,300,203163.99,319219
META,,2025-02-27,Sale,678.6,600,407160.0,318619
META,,2025-02-27,Sale,680.5986,700,476419.02,317919
META,,2025-02-27,Sale,681.5742,1209,824023.21,316710
META,,2025-02-27,Sale,682.3513,800,545881.04,315910
META,,2025-02-27,Sale,683.8139,1682,1150174.98,314228
META,,2025-02-27,Sale,684.9483,2455,1681548.08,311773
META,,2025-02-27,Sale,685.9773,1887,1294439.17,309886
META,,2025-02-27,Sale,687.0589,900,618353.01,308986
META,,2025-02-27,Sale,688.21,300,206463.0,308686
META,,2025-02-26,Sale,658.8958,1200,790674.96,347486
META,,2025-02-26,Sale,659.6966,3640,2401295.62,343846
META,,2025-02-26,Sale,660.4712,478,315705.23,343368
META,,2025-02-26,Sale,661.8014,474,313693.86,342894
META,,2025-02-26,Sale,662.9283,691,458083.46,342203
META,,2025-02-26,Sale,663.938,2693,1787985.03,339510
META,,2025-02-26,Sale,664.9256,3421,2274710.48,336089
META,,2025-02-26,Sale,665.8164,1409,938135.31,334680
META,,2025-02-26,Sale,666.9412,306,204084.01,334374
META,,2025-02-26,Sale,668.2327,2280,1523570.56,332094
META,,2025-02-26,Sale,669.466,500,334733.0,331594
META,,2025-02-26,Sale,670.6062,2100,1408273.02,329494
META,,2025-02-26,Sale,671.6027,808,542654.98,328686
META,,2025-02-15,Exercise or Conversion of Derivative Security,0.0,4721,0.0,343294
META,,2025-02-15,Exercise or Conversion of Derivative Security,0.0,5471,0.0,348765
META,,2025-02-15,Exercise or Conversion of Derivative Security,0.0,6791,0.0,355556
META,,2025-02-15,Exercise or Conversion of Derivative Security,0.0,2679,0.0,358235
META,,2025-02-15,Tax Withholding (RSU Vesting),736.67,9549,7034461.83,348686
META,,2024-11-15,Exercise or Conversion of Derivative Security,0.0,4720,0.0,333382
META,,2024-11-15,Exercise or Conversion of Derivative Security,0.0,5470,0.0,338852
META,,2024-11-15,Exercise or Conversion of Derivative Security,0.0,6791,0.0,345643
META,,2024-11-15,Exercise or Conversion of Derivative Security,0.0,2680,0.0,348323
META,,2024-11-15,Tax Withholding (RSU Vesting),577.16,9750,5627310.0,338573
META,,2024-09-23,Sale,569.93,10000,5699300.0,328662
META,,2024-09-19,Sale,555.0206,10000,5550206.0,348662
META,,2024-09-19,Sale,560.028,10000,5600280.0,338662
META,,2024-08-15,Exercise or Conversion of Derivative Security,0.0,11545,0.0,354476
META,,2024-08-15,Exercise or Conversion of Derivative Security,0.0,4721,0.0,359197
META,,2024-08-15,Exercise or Conversion of Derivative Security,0.0,5470,0.0,364667
META,,2024-08-15,Exercise or Conversion of Derivative Security,0.0,6791,0.0,371458
META,,2024-08-15,Exercise or Conversion of Derivative Security,0.0,2679,0.0,374137
META,,2024-08-15,Tax Withholding (RSU Vesting),526.76,15475,8151611.0,358662
META,,2024-05-15,Exercise or Conversion of Derivative Security,0.0,17317,0.0,341607
META,,2024-05-15,Exercise or Conversion of Derivative Security,0.0,4720,0.0,346327
META,,2024-05-15,Exercise or Conversion of Derivative Security,0.0,5470,0.0,351797
META,,2024-05-15,Exercise or Conversion of Derivative Security,0.0,6791,0.0,358588
META,,2024-05-15,Exercise or Conversion of Derivative Security,0.0,2679,0.0,361267
META,,2024-05-15,Tax Withholding (RSU Vesting),471.85,18336,8651841.6,342931
META,,2024-02-15,Exercise or Conversion of Derivative Security,0.0,17317,0.0,324000
META,,2024-02-15,Exercise or Conversion of Derivative Security,0.0,4720,0.0,328720
META,,2024-02-15,Exercise or Conversion of Derivative Security,0.0,5471,0.0,334191
META,,2024-02-15,Exercise or Conversion of Derivative Security,0.0,6791,0.0,340982
META,,2024-02-15,Tax Withholding (RSU Vesting),473.28,16692,7899989.76,324290
META,,2023-12-28,Sale,360.0172,10000,3600172.0,306683
META,,2023-12-19,Sale,350.0106,10000,3500106.0,316683
META,,2023-11-20,Sale,340.0249,10000,3400249.0,326683
META,,2023-11-15,Exercise or Conversion of Derivative Security,0.0,17317,0.0,336708
META,,2023-11-15,Exercise or Conversion of Derivative Security,0.0,4721,0.0,341429
META,,2023-11-15,Exercise or Conversion of Derivative Security,0.0,5470,0.0,346899
META,,2023-11-15,Exercise or Conversion of Derivative Security,0.0,6791,0.0,353690
META,,2023-11-15,Tax Withholding (RSU Vesting),336.31,17007,5719624.17,336683
META,,2023-08-15,Exercise or Conversion of Derivative Security,0.0,17318,0.0,319418
META,,2023-08-15,Exercise or Conversion of Derivative Security,0.0,4720,0.0,324138
META,,2023-08-15,Exercise or Conversion of Derivative Security,0.0,5470,0.0,329608
META,,2023-08-15,Exercise or Conversion of Derivative Security,0.0,6791,0.0,336399
META,,2023-08-15,Tax Withholding (RSU Vesting),306.19,17008,5207679.52,319391
META,,2023-05-15,Exercise or Conversion of Derivative Security,0.0,17317,0.0,302127
META,,2023-05-15,Exercise or Conversion of Derivative Security,0.0,4720,0.0,306847
META,,2023-05-15,Exercise or Conversion of Derivative Security,0.0,5470,0.0,312317
META,,2023-05-15,Exercise or Conversion of Derivative Security,0.0,6790,0.0,319107
META,,2023-05-15,Tax Withholding (RSU Vesting),233.81,17007,3976406.67,302100
META,,2023-02-15,Exercise or Conversion of Derivative Security,0.0,17317,0.0,287428
META,,2023-02-15,Exercise or Conversion of Derivative Security,0.0,4721,0.0,292149
META,,2023-02-15,Exercise or Conversion of Derivative Security,0.0,5471,0.0,297620
META,,2023-02-15,Tax Withholding (RSU Vesting),179.48,12810,2299138.8,284810
META,,2022-11-15,Exercise or Conversion of Derivative Security,0.0,17317,0.0,273561
META,,2022-11-15,Exercise or Conversion of Derivative Security,0.0,4720,0.0,278281
META,,2022-11-15,Exercise or Conversion of Derivative Security,0.0,5470,0.0,283751
META,,2022-11-15,Tax Withholding (RSU Vesting),114.22,13640,1557960.8,270111
META,,2022-08-15,Exercise or Conversion of Derivative Security,0.0,17317,0.0,259693
META,,2022-08-15,Exercise or Conversion of Derivative Security,0.0,4721,0.0,264414
META,,2022-08-15,Exercise or Conversion of Derivative Security,0.0,5470,0.0,269884
META,,2022-08-15,Tax Withholding (RSU Vesting),180.5,13640,2462020.0,256244
FB,,2022-05-15,Exercise or Conversion of Derivative Security,0.0,17317,0.0,245826
FB,,2022-05-15,Exercise or Conversion of Derivative Security,0.0,4720,0.0,250546
FB,,2022-05-15,Exercise or Conversion of Derivative Security,0.0,5470,0.0,256016
FB,,2022-05-15,Tax Withholding (RSU Vesting),198.62,13640,2709176.8,242376
FB,,2022-03-08,Gift,0.0,17690,0.0,7511
FB,,2022-03-08,Gift,0.0,17690,0.0,228509
FB,,2022-03-10,Gift,0.0,7511,0.0,0
FB,,2022-03-10,Gift,0.0,7511,0.0,55046
FB,,2022-01-14,Gift,0.0,25922,0.0,0
FB,,2022-01-14,Gift,0.0,25922,0.0,25922
FB,,2022-01-14,Gift,0.0,24613,0.0,0
FB,,2022-01-14,Gift,0.0,24613,0.0,50535
FB,,2022-01-21,Gift,0.0,3000,0.0,47535
FB,,2022-02-15,Exercise or Conversion of Derivative Security,0.0,17317,0.0,216339
FB,,2022-02-15,Exercise or Conversion of Derivative Security,0.0,4720,0.0,221059
FB,,2022-02-15,Tax Withholding (RSU Vesting),217.7,10240,2229248.0,210819
FB,,2021-11-15,Exercise or Conversion of Derivative Security,0.0,17317,0.0,154543
FB,,2021-11-15,Exercise or Conversion of Derivative Security,0.0,4721,0.0,159264
FB,,2021-11-15,Tax Withholding (RSU Vesting),340.89,10927,3724905.03,148337
FB,,2021-08-15,Exercise or Conversion of Derivative Security,0.0,17317,0.0,143433
FB,,2021-08-15,Exercise or Conversion of Derivative Security,0.0,4720,0.0,148153
FB,,2021-08-15,Tax Withholding (RSU Vesting),363.18,10927,3968467.86,137226
FB,,2021-04-09,Gift,0.0,9421,0.0,25201
FB,,2021-04-09,Gift,0.0,9421,0.0,115006
FB,,2021-05-15,Exercise or Conversion of Derivative Security,0.0,17317,0.0,132323
FB,,2021-05-15,Exercise or Conversion of Derivative Security,0.0,4720,0.0,137043
FB,,2021-05-15,Tax Withholding (RSU Vesting),315.94,10927,3452276.38,126116
FB,,2021-02-02,Gift,0.0,33236,0.0,54650
FB,,2021-02-02,Gift,0.0,24808,0.0,79458
FB,,2021-03-10,Gift,0.0,29018,0.0,29017
FB,,2021-03-11,Gift,0.0,29017,0.0,0
FB,,2021-03-22,Gift,0.0,79458,0.0,0
FB,,2021-03-22,Gift,0.0,79458,0.0,105585
FB,,2021-02-02,Gift,0.0,58035,0.0,33236
FB,,2021-02-02,Gift,0.0,58035,0.0,58035
FB,,2021-02-02,Gift,0.0,33236,0.0,0
FB,,2021-02-02,Gift,0.0,33236,0.0,33236
FB,,2021-02-02,Gift,0.0,26127,0.0,51921
FB,,2021-02-02,Gift,0.0,26127,0.0,59363
FB,,2021-02-02,Gift,0.0,24808,0.0,49299
FB,,2021-02-02,Gift,0.0,24808,0.0,84171
FB,,2021-02-15,Exercise or Conversion of Derivative Security,0.0,17317,0.0,29447
FB,,2021-02-15,Tax Withholding (RSU Vesting),270.5,8033,2172926.5,21414
FB,,2020-11-15,Exercise or Conversion of Derivative Security,0.0,23089,0.0,23089
FB,,2020-11-15,Tax Withholding (RSU Vesting),276.95,10959,3035095.05,12130
FB,,2019-04-03,Sale,175.0158,58300,10203421.14,25141
FB,,2019-04-01,Sale,167.91,5300,889923.0,83441
FB,,2019-03-11,Sale,171.8315,1247,214273.88,92794
FB,,2019-03-11,Sale,173.4828,3853,668429.23,88941
FB,,2019-03-11,Sale,173.84,200,34768.0,88741
FB,,2019-02-15,Exercise or Conversion of Derivative Security,0.0,26847,0.0,85331
FB,,2019-02-15,Tax Withholding (RSU Vesting),163.95,13311,2182338.45,72020
FB,,2019-02-15,Exercise or Conversion of Derivative Security,0.0,10023,0.0,82043
FB,,2019-02-15,Tax Withholding (RSU Vesting),163.95,4970,814831.5,77073
FB,,2019-02-15,Exercise or Conversion of Derivative Security,0.0,8255,0.0,85328
FB,,2019-02-15,Tax Withholding (RSU Vesting),163.95,4093,671047.35,81235
FB,,2019-02-15,Conversion of Security,0.0,34122,0.0,115357
FB,,2019-02-15,Tax Withholding (RSU Vesting),163.95,16016,2625823.2,99341
FB,,2019-02-19,Sale,160.35,5300,849855.0,94041
FB,,2019-01-30,Sale,150.0,5300,795000.0,58484
FB,,2018-11-28,Gift,0.0,125893,0.0,74107
FB,,2018-11-28,Gift,0.0,125893,0.0,279684
FB,,2018-12-24,Gift,0.0,125893,0.0,153791
FB,,2018-12-24,Gift,0.0,125893,0.0,125893
FB,,2018-12-24,Gift,0.0,74107,0.0,79684
FB,,2018-12-24,Gift,0.0,74107,0.0,74107
FB,,2019-01-15,Sale,150.072,15900,2386144.8,63784
FB,,2018-11-15,Exercise or Conversion of Derivative Security,0.0,26847,0.0,140684
FB,,2018-11-15,Tax Withholding (RSU Vesting),144.22,13311,1919712.42,127373
FB,,2018-11-15,Exercise or Conversion of Derivative Security,0.0,10022,0.0,137395
FB,,2018-11-15,Tax Withholding (RSU Vesting),144.22,4969,716629.18,132426
FB,,2018-11-15,Exercise or Conversion of Derivative Security,0.0,8254,0.0,140680
FB,,2018-11-15,Tax Withholding (RSU Vesting),144.22,4093,590292.46,136587
FB,,2018-11-15,Conversion of Security,0.0,34122,0.0,170709
FB,,2018-11-15,Tax Withholding (RSU Vesting),144.22,16918,2439913.96,153791
FB,,2018-11-06,Sale,150.0508,2000,300101.6,113837
