issuerTradingSymbol,relationship,date,transaction_type,cost,shares,value,shares_total
BLK,,2025-01-31,"Grant, Award, or Other Acquisition",0.0,9509,0.0,312104
BLK,,2025-01-31,Tax Withholding (RSU Vesting),1071.52,8418,9020055.36,303686
BLK,,2025-01-16,"Grant, Award, or Other Acquisition",0.0,7505,0.0,302595
BLK,,2024-12-04,Sale,1032.7846,3900,4027859.94,339890
BLK,,2024-12-04,Sale,1034.5119,11304,11694122.52,328586
BLK,,2024-12-04,Sale,1035.3507,10378,10744869.56,318208
BLK,,2024-12-04,Sale,1036.5538,9695,10049389.09,308513
BLK,,2024-12-04,Sale,1037.3743,12669,13142495.01,295844
BLK,,2024-12-04,Sale,1038.4279,754,782974.64,295090
BLK,,2024-08-06,Sale,840.3562,13293,11170854.97,369875
BLK,,2024-08-06,Sale,841.2842,1900,1598439.98,367975
BLK,,2024-08-06,Sale,842.5379,700,589776.53,367275
BLK,,2024-08-06,Sale,843.5179,700,590462.53,366575
BLK,,2024-08-06,Sale,844.5376,1667,1407844.18,364908
BLK,,2024-08-06,Sale,845.83,3700,3129571.0,361208
BLK,,2024-08-06,Sale,846.9099,5258,4453052.25,355950
BLK,,2024-08-06,Sale,847.9743,1632,1383894.06,354318
BLK,,2024-08-06,Sale,848.485,200,169697.0,354118
BLK,,2024-08-06,Sale,849.7133,300,254913.99,353818
BLK,,2024-08-06,Sale,850.92,100,85092.0,353718
BLK,,2024-08-06,Gift,0.0,5902,0.0,347816
BLK,,2024-08-06,Gift,0.0,4026,0.0,343790
BLK,,2024-05-20,Sale,804.7601,5041,4056795.66,409105
BLK,,2024-05-20,Sale,805.6719,8751,7050434.8,400354
BLK,,2024-05-20,Sale,806.6157,2588,2087521.43,397766
BLK,,2024-05-20,Sale,807.9052,5948,4805420.13,391818
BLK,,2024-05-20,Sale,808.8599,1754,1418740.26,390064
BLK,,2024-05-20,Sale,810.1961,4400,3564862.84,385664
BLK,,2024-05-20,Sale,811.0371,2496,2024348.6,383168
BLK,,2024-02-28,Sale,807.5411,5108,4124919.94,440016
BLK,,2024-02-28,Sale,808.4575,7215,5833020.86,432801
BLK,,2024-02-28,Sale,809.4628,4598,3721909.95,428203
BLK,,2024-02-28,Sale,810.817,2748,2228125.12,425455
BLK,,2024-02-28,Sale,811.7447,9721,7890970.23,415734
BLK,,2024-02-28,Sale,812.7363,1588,1290625.24,414146
BLK,,2024-01-31,"Grant, Award, or Other Acquisition",0.0,14754,0.0,456273
BLK,,2024-01-31,Tax Withholding (RSU Vesting),781.73,11149,8715507.77,445124
BLK,,2024-01-16,"Grant, Award, or Other Acquisition",0.0,6259,0.0,441519
BLK,,2023-11-06,Sale,651.9661,14585,9508925.57,436060
BLK,,2023-11-06,Sale,653.1131,800,522490.48,435260
BLK,,2023-07-26,Sale,741.5448,12522,9285623.99,471803
BLK,,2023-07-26,Sale,742.4318,4278,3176123.24,467525
BLK,,2023-07-26,Sale,743.3971,3400,2527550.14,464125
BLK,,2023-07-26,Gift,0.0,13480,0.0,450645
BLK,,2023-04-18,Sale,694.3601,30983,21513358.98,489141
BLK,,2023-04-18,Sale,695.2873,4216,2931331.26,484925
BLK,,2023-04-18,Sale,696.3167,600,417790.02,484325
BLK,,2023-01-31,"Grant, Award, or Other Acquisition",0.0,24796,0.0,537220
BLK,,2023-01-31,Tax Withholding (RSU Vesting),747.86,17096,12785414.56,520124
BLK,,2023-01-17,"Grant, Award, or Other Acquisition",743.61,5043,3750025.23,512424
BLK,,2022-11-22,Sale,730.5661,900,657509.49,548271
BLK,,2022-11-22,Sale,731.5255,12392,9065064.0,535879
BLK,,2022-11-22,Sale,732.5692,25628,18774283.46,510251
BLK,,2022-11-22,Sale,733.3668,2040,1496068.27,508211
BLK,,2022-11-22,Gift,0.0,830,0.0,507381
BLK,,2022-11-08,Sale,683.0432,1978,1351059.45,561793
BLK,,2022-11-08,Sale,683.956,3091,2114108.0,558702
BLK,,2022-11-08,Sale,684.8711,3358,2299797.15,555344
BLK,,2022-11-08,Sale,685.978,2400,1646347.2,552944
BLK,,2022-11-08,Sale,687.0007,1400,961800.98,551544
BLK,,2022-11-08,Sale,688.6218,500,344310.9,551044
BLK,,2022-11-08,Sale,689.8573,1873,1292102.72,549171
BLK,,2022-08-03,Sale,684.608,44500,30465056.0,563771
BLK,,2022-01-31,"Grant, Award, or Other Acquisition",0.0,36082,0.0,631635
BLK,,2022-01-31,Tax Withholding (RSU Vesting),808.14,23364,18881382.96,608271
BLK,,2022-01-18,"Grant, Award, or Other Acquisition",832.07,5829,4850136.03,595553
BLK,,2021-12-02,Sale,919.1185,3170,2913605.65,602919
BLK,,2021-12-02,Sale,920.1124,2285,2102456.83,600634
BLK,,2021-12-02,Sale,921.4904,9394,8656480.82,591240
BLK,,2021-12-02,Sale,922.3448,1516,1398274.72,589724
BLK,,2021-10-25,Sale,925.0521,15977,14779557.4,622794
BLK,,2021-10-25,Sale,926.5447,2866,2655477.11,619928
BLK,,2021-10-25,Sale,927.5909,2304,2137169.43,617624
BLK,,2021-10-25,Sale,928.553,1000,928553.0,616624
BLK,,2021-10-25,Sale,929.18,100,92918.0,616524
BLK,,2021-10-25,Gift,0.0,5435,0.0,611089
BLK,,2021-10-26,Sale,937.4016,2500,2343504.0,608589
BLK,,2021-10-26,Sale,935.305,2500,2338262.5,606089
BLK,,2021-08-04,Gift,0.0,25501,0.0,696519
BLK,,2021-08-04,Gift,0.0,28874,0.0,667645
BLK,,2021-08-04,Gift,0.0,28874,0.0,638771
BLK,,2021-05-07,Sale,869.8161,2970,2583353.82,761769
BLK,,2021-05-06,Sale,865.2521,6450,5580876.04,755319
BLK,,2021-05-06,Sale,866.0031,23799,20610007.78,731520
BLK,,2021-05-06,Sale,867.0035,1419,1230277.97,730101
BLK,,2021-05-06,Gift,0.0,2309,0.0,727792
BLK,,2021-05-06,Gift,0.0,5772,0.0,722020
BLK,,2021-02-02,Sale,727.38,3087,2245422.06,789052
BLK,,2021-02-02,Sale,728.7,14100,10274670.0,774952
BLK,,2021-02-02,Sale,729.28,10213,7448136.64,764739
BLK,,2021-01-31,"Grant, Award, or Other Acquisition",0.0,22506,0.0,808810
BLK,,2021-01-31,Tax Withholding (RSU Vesting),701.26,16671,11690705.46,792139
BLK,,2021-01-26,Sale,730.4944,1800,1314889.92,787304
BLK,,2021-01-26,Sale,731.8365,1000,731836.5,786304
BLK,,2021-01-15,"Grant, Award, or Other Acquisition",739.22,5343,3949652.46,789104
BLK,,2020-11-20,Gift,0.0,1500,0.0,783761
BLK,,2020-07-21,Sale,580.2461,39796,23091473.8,787171
BLK,,2020-07-21,Sale,581.1421,1910,1109981.41,785261
BLK,,2020-04-28,Gift,0.0,10050,0.0,826967
BLK,,2020-02-14,Sale,565.2189,39774,22481016.53,841543
BLK,,2020-02-14,Sale,566.5429,4526,2564173.17,837017
BLK,,2020-01-31,"Grant, Award, or Other Acquisition",0.0,36796,0.0,906143
BLK,,2020-01-31,Tax Withholding (RSU Vesting),539.69,24826,13398343.94,881317
BLK,,2020-01-30,Sale,534.2896,2651,1416401.73,913426
BLK,,2020-01-30,Sale,535.1412,12999,6956300.46,900427
BLK,,2020-01-30,Sale,536.2257,9898,5307561.98,890529
BLK,,2020-01-30,Sale,537.0308,7994,4293024.22,882535
BLK,,2020-01-30,Sale,538.2195,5182,2789053.45,877353
BLK,,2020-01-30,Sale,539.3279,5432,2929629.15,871921
BLK,,2020-01-30,Sale,539.9948,2574,1389946.62,869347
BLK,,2020-01-16,"Grant, Award, or Other Acquisition",533.58,7965,4249964.7,916077
BLK,,2019-10-24,Sale,457.0225,100,45702.25,952455
BLK,,2019-10-25,Sale,452.278,2125,961090.75,950330
BLK,,2019-10-25,Sale,453.1711,3975,1801355.12,946355
BLK,,2019-10-25,Sale,454.135,5967,2709823.54,940388
BLK,,2019-10-25,Sale,455.2693,4979,2266785.84,935409
BLK,,2019-10-25,Sale,456.1513,1943,886301.98,933466
BLK,,2019-10-25,Sale,457.3767,2684,1227599.06,930782
BLK,,2019-10-25,Sale,458.4594,3099,1420765.68,927683
BLK,,2019-10-25,Sale,459.39,14810,6803565.9,912873
BLK,,2019-10-25,Sale,460.2651,4761,2191322.14,908112
BLK,,2019-08-02,Gift,0.0,22700,0.0,952555
BLK,,2019-04-30,Sale,480.393,13019,6254236.47,993486
BLK,,2019-04-30,Sale,481.5973,7231,3482430.08,986255
BLK,,2019-04-30,Sale,482.4183,3201,1544220.98,983054
BLK,,2019-04-30,Sale,483.8257,4708,2277851.4,978346
BLK,,2019-04-30,Sale,484.341,3091,1497098.03,975255
BLK,,2019-02-11,Sale,412.62,35719,14738373.78,1014786
BLK,,2019-02-11,Sale,413.29,8231,3401789.99,1006555
BLK,,2019-02-11,Sale,414.11,50,20705.5,1006505
BLK,,2019-01-31,Sale,412.57,6428,2651999.96,1039461
BLK,,2019-01-31,Sale,413.19,2620,1082557.8,1036841
BLK,,2019-01-31,"Grant, Award, or Other Acquisition",0.0,41734,0.0,1078575
BLK,,2019-01-31,Tax Withholding (RSU Vesting),408.33,28070,11461823.1,1050505
BLK,,2019-01-25,Sale,412.59,3970,1637982.3,1047039
BLK,,2019-01-25,Sale,413.36,1150,475364.0,1045889
BLK,,2019-01-17,"Grant, Award, or Other Acquisition",410.315,10358,4250042.77,1081841
BLK,,2019-01-18,Sale,417.577,1300,542850.1,1080541
BLK,,2019-01-18,Sale,418.58,15072,6308837.76,1065469
BLK,,2019-01-18,Sale,419.515,7377,3094762.15,1058092
BLK,,2019-01-18,Sale,420.2074,1353,568540.61,1056739
BLK,,2019-01-22,Sale,414.44,2200,911768.0,1054539
BLK,,2019-01-22,Sale,415.49,1000,415490.0,1053539
BLK,,2019-01-22,Sale,416.44,900,374796.0,1052639
BLK,,2019-01-22,Sale,417.31,1330,555022.3,1051309
BLK,,2019-01-22,Sale,418.52,300,125556.0,1051009
